Tuning Data; Cod in the Viking+Skagerrak                                    
102                                             
VikingSk_Q1                                                
1983    2014                                    
1       1       0    0.25                    
1       6
1	367	3305	1242	866	246	94
1	1060	1554	1661	360	251	43
1	69	4509	1264	546	139	69
1	1458	790	2365	720	230	61
1	791	5511	357	489	98	45
1	456	1366	1782	125	172	56
1	1842	1274	1327	618	67	65
1	479	2783	537	238	223	20
1	426	1024	983	251	102	70
1	2080	1298	379	286	74	20
1	827	3861	495	181	114	24
1	1621	1046	759	233	108	39
1	2046	4243	764	286	74	23
1	579	2383	1084	177	110	28
1	3599	1235	598	271	92	40
1	368	5400	416	245	120	37
1	467	519	1618	168	115	31
1	1414	956	186	458	99	46
1	398	1794	366	89	107	22
1	883	725	687	126	32	31
1	174	1020	259	247	93	17
1	888	524	452	92	103	27
1	343	616	204	179	44	49
1	1194	327	324	86	58	28
1	333	1135	251	104	53	28
1	724	408	504	137	125	21
1	268	814	345	186	73	26
1	616	722	493	182	127	39
1	126	1427	327	228	127	68
1	230	730	815	241	117	38
1	182	703	391	390	187	46
1	311	897	420	244	177	54
VikingSk_Q3                                            
1992    2013                                    
1       1       0.5       0.75                    
1       5
1	3997	684	191	100	34
1	1362	1752	232	53	31
1	5497	970	451	86	23
1	4342	3372	346	175	25
1	2564	1248	428	116	57
1	15176	991	420	173	31
1	671	4001	361	123	70
1	2989	229	1167	100	28
1	5970	497	71	270	33
1	1433	1080	217	61	42
1	4261	461	473	153	42
1	1448	727	168	132	50
1	3481	454	404	81	48
1	1375	527	182	87	13
1	5747	435	390	68	22
1	2510	1713	243	97	49
1	3372	708	695	105	58
1	2531	643	206	183	34
1	3272	1032	410	137	67
1	946	2195	760	304	86
1	1597	823	1045	264	63
1	1932	870	428	301	68
