Tuning Data; Cod in the NW                                    
102                                             
NW_Q1                                                
1983    2014                                    
1       1       0    0.25                    
1       6
1	374.80	2865.85	697.76	362.66	144.45	101.17
1	1152.52	1311.34	935.71	141.93	126.25	40.52
1	60.04	4183.23	806.07	216.86	58.90	61.20
1	1534.06	728.67	1579.08	325.13	103.22	52.20
1	779.10	5222.42	268.21	224.27	41.15	36.40
1	417.72	1275.10	1438.19	59.24	74.79	43.26
1	1648.59	1153.19	1094.82	339.40	29.61	49.75
1	349.80	2467.64	470.59	125.53	93.36	13.93
1	304.85	845.41	853.30	135.01	41.32	48.55
1	1654.08	1052.77	311.25	134.66	27.02	12.70
1	545.99	2866.81	406.88	86.00	43.21	14.20
1	1077.94	686.13	591.68	108.07	38.66	21.93
1	1362.96	2724.97	591.96	129.81	27.06	11.79
1	337.47	1386.65	787.10	74.62	42.42	13.85
1	2225.07	679.83	390.01	106.89	33.67	18.80
1	199.62	2883.62	279.28	94.48	41.25	16.19
1	191.37	259.57	1044.57	68.99	39.73	12.60
1	580.34	466.94	109.50	178.33	33.45	18.19
1	119.52	858.35	212.87	28.73	28.52	7.53
1	314.77	370.44	391.66	43.30	6.99	8.64
1	45.22	508.08	142.17	85.20	20.59	4.55
1	311.08	274.56	255.59	32.28	22.55	7.54
1	131.42	331.39	110.44	63.56	8.90	12.47
1	569.06	176.52	168.65	28.08	10.61	6.32
1	167.29	673.65	143.80	34.37	9.70	6.36
1	381.82	230.76	303.04	54.13	30.62	5.48
1	138.94	461.51	209.03	74.67	18.63	6.85
1	477.18	423.66	319.32	78.77	38.30	11.28
1	99.70	853.54	224.84	105.30	44.56	20.48
1	230.14	458.30	649.02	127.56	50.36	12.67
1	206.04	425.06	324.68	226.06	100.42	17.31
1	460.13	541.50	373.01	151.12	106.59	19.76
NW_Q3                                            
1992    2013                                    
1       1       0.5       0.75                    
1       5
1	3352.74	388.87	92.06	42.35	17.49
1	845.88	978.95	106.47	15.89	12.91
1	2603.33	529.86	192.59	24.82	6.70
1	1588.13	1772.95	142.49	40.29	6.88
1	679.82	603.21	157.01	24.80	14.96
1	3685.50	495.68	142.46	28.05	7.08
1	119.12	1881.27	128.96	20.99	14.97
1	423.67	93.87	353.20	17.72	4.31
1	889.33	198.34	17.61	45.20	4.65
1	184.06	435.17	59.43	9.35	5.87
1	536.61	182.91	126.96	30.37	7.67
1	140.96	258.56	42.65	24.71	8.07
1	425.94	168.43	101.18	14.79	6.97
1	168.23	199.52	49.43	18.67	1.93
1	829.09	166.07	105.87	13.87	2.95
1	363.73	676.12	75.22	24.08	9.10
1	521.73	284.15	229.42	27.50	11.83
1	403.30	236.08	68.91	50.35	7.96
1	706.30	423.12	156.81	47.74	22.98
1	221.48	872.20	297.35	116.09	34.90
1	408.89	320.79	425.76	118.80	34.51
1	588.50	330.90	171.98	156.68	50.62
