Tuning Data; Cod in the Skagerrak                                     
102                                             
Skag_Q1                                                
1983    2014                                    
1       1       0    0.25                    
1       6
1	168.98	517.57	174.66	41.78	11.17	6.57
1	486.97	228.29	237.87	20.92	14.5	3.09
1	37.69	602.27	181.76	38.06	10.05	5.18
1	725.98	98.72	344.3	59.48	21.11	4.78
1	417.41	636.16	51.86	46.97	10.88	3.58
1	252.66	149.52	258.49	13.65	22.11	4.52
1	1029.23	134.59	194.35	74.24	9.53	5.25
1	291.48	282.43	77.92	30.77	33.2	1.55
1	256.55	105.34	143.62	33.71	15	5.32
1	1140.69	127.79	56.58	39.15	10.18	1.41
1	485.33	395.32	73.03	24.25	14.03	1.55
1	912.06	117.5	113.37	29.93	11.49	2.3
1	1104.92	465.46	112.85	35.02	6.63	1.2
1	324.47	285.16	164.05	20.73	8.37	1.38
1	1897.4	156.27	95.67	30.3	5.95	1.84
1	202.66	719.95	65.98	26.43	6.77	1.61
1	284.21	78.01	268.09	17.71	6.01	1.31
1	858.83	158.88	33.41	48.75	5.02	1.98
1	265.91	335.38	68.81	9.9	5.28	0.91
1	577.55	139.6	136.53	14.31	1.62	1.26
1	124.85	225.72	54.58	29.18	4.98	0.71
1	619.48	121.51	97.08	11.2	5.86	1.25
1	242.63	151.13	45.71	22.33	2.63	2.31
1	831.99	84.89	74.42	11.23	3.63	1.33
1	235.74	273.62	54.71	13.68	3.4	1.4
1	515.82	102.95	104.93	16.78	8.16	1.11
1	193.35	198.27	68.67	22.09	4.6	1.38
1	402.8	160.38	90.24	20.36	7.76	2.11
1	81.54	289.41	54.81	23.77	7.26	3.65
1	136.21	129.75	118.82	22.78	6.2	2.1
1	100.33	119.51	51.48	33.61	9.17	2.67
1	144.4	141.66	49.39	19.04	7.52	2.8
Skag_Q3                                            
1992    2013                                    
1       1       0.5       0.75                    
1       5
1	2047.26	203.52	31.19	7.73	3.94
1	756.28	520.37	37.55	4.33	3.19
1	3289.81	288.19	72.04	7.63	1.95
1	2764.71	1001.94	55.4	16.38	2.04
1	1728.08	371.7	67.02	11.78	4.49
1	10619.73	293.73	66.14	18.11	2.36
1	490.77	1183.68	62.52	13.95	5.44
1	2275.33	69.47	202.77	12.12	2.19
1	4584.89	151.45	13.16	34.78	2.78
1	1129.74	327.5	44.19	8.6	3.96
1	3393.52	140.9	105.12	22.41	4.21
1	1194.52	235.04	40.41	21.54	5.55
1	2798.46	146.56	104.89	15.3	6.21
1	1103.45	172.79	50.24	16.81	1.83
1	4510.79	147.7	115.18	15.2	3.66
1	1962.99	604.81	75.64	22.01	7.46
1	2612.42	265.45	229.4	25.54	8.93
1	1960.04	267.13	72.33	48.04	5.39
1	2438.76	458.47	155.28	35.94	9.75
1	703.82	1078.24	309.17	82.13	11.7
1	1189.19	445.81	464.95	73.77	7.72
1	1421.62	518.19	203.98	87.23	7.43

