Tuning Data; Cod in the NWS                                    
102                                             
NWS_Q1                                                
1983    2014                                    
1       1       0    0.25                    
1       6
1	3846	8342	1121	653	273	273
1	9774	3735	1498	252	252	117
1	519	11806	1315	385	124	182
1	10240	2098	2580	586	226	159
1	4737	15422	448	403	94	113
1	2318	3922	2431	107	177	137
1	8356	3711	1836	635	72	158
1	1688	8146	806	235	235	45
1	1390	2890	1443	258	106	158
1	7400	3510	510	254	70	42
1	2443	9490	678	168	113	47
1	4970	2260	974	218	101	72
1	6645	8441	1015	273	71	39
1	1772	4136	1335	160	111	46
1	12744	1942	637	236	87	62
1	1256	7974	495	219	106	54
1	1341	690	1894	176	103	43
1	4327	1208	195	471	88	62
1	932	2165	396	74	77	26
1	2366	924	756	120	19	31
1	304	1229	281	248	58	17
1	1838	651	534	97	65	27
1	647	762	232	193	26	45
1	2456	390	351	80	31	22
1	587	1443	305	92	27	21
1	1116	458	625	144	83	17
1	342	854	401	175	47	19
1	1210	737	574	165	89	29
1	216	1391	371	192	94	48
1	476	722	1044	219	100	27
1	381	597	465	350	192	35
1	836	697	483	203	175	34
NWS_Q3                                            
1992    2013                                    
1       1       0.5       0.75                    
1       5
1	10045	599	145	86	34
1	2365	1566	175	32	24
1	7719	874	322	49	12
1	4812	2954	245	78	12
1	1812	976	261	48	26
1	11801	855	233	51	12
1	312	3161	226	38	24
1	1013	150	567	32	7
1	2290	317	27	76	7
1	422	707	94	14	9
1	1189	298	201	49	12
1	272	405	65	36	12
1	849	267	150	20	10
1	315	319	74	27	3
1	1607	264	148	18	4
1	638	1086	106	35	13
1	865	455	311	38	16
1	624	346	86	61	10
1	1173	653	205	64	30
1	342	1234	368	137	39
1	600	419	527	136	37
1	860	396	197	173	53

