Tuning Data; Cod in the Viking                                     
102                                             
Viking_Q1                                                
1983    2014                                    
1       1       0    0.25                    
1       6
1	197.69	2787.48	1067.39	824.13	234.55	87.18
1	573.42	1325.40	1423.12	339.57	236.97	39.82
1	31.80	3906.86	1082.56	508.18	128.46	63.49
1	731.72	691.31	2020.85	660.46	209.03	56.29
1	373.10	4874.93	305.59	442.08	87.59	41.19
1	203.27	1216.80	1523.07	111.31	150.19	51.63
1	813.19	1139.55	1132.92	543.53	57.68	59.67
1	187.78	2500.45	459.22	206.95	189.92	18.27
1	169.63	918.34	839.45	217.14	86.70	65.08
1	939.29	1170.32	322.59	246.84	63.33	18.97
1	342.15	3465.76	421.91	157.07	99.78	22.95
1	709.28	928.49	645.44	202.69	96.60	36.86
1	940.99	3777.54	650.68	250.88	67.27	21.53
1	254.44	2097.67	919.58	156.72	102.02	26.77
1	1701.47	1078.70	502.51	240.68	86.43	37.80
1	165.25	4680.48	349.69	218.44	113.64	35.40
1	182.96	441.03	1350.12	150.24	109.38	29.79
1	555.15	797.25	152.60	409.62	93.91	44.12
1	131.69	1458.65	296.87	78.85	101.59	20.71
1	305.62	585.73	550.92	111.45	30.71	29.96
1	48.74	794.23	204.53	218.17	88.41	15.86
1	268.30	402.89	354.68	80.77	97.14	26.25
1	99.96	464.70	158.19	156.20	41.17	46.77
1	362.50	241.71	249.16	74.46	54.53	26.42
1	97.63	861.66	196.01	90.06	49.77	27.00
1	208.18	305.10	399.06	120.16	117.24	20.33
1	74.27	616.19	276.60	163.95	67.91	25.06
1	213.35	561.78	402.78	162.00	119.57	37.15
1	44.54	1137.79	272.61	204.40	119.56	64.11
1	93.75	600.26	696.33	218.25	110.36	36.33
1	81.26	583.61	339.70	356.02	177.95	43.75
1	166.25	754.99	370.40	224.74	169.52	51.62
Viking_Q3                                            
1992    2013                                    
1       1       0.5       0.75                    
1       5
1	1949.51	480.14	159.37	91.92	29.77
1	605.51	1231.44	194.54	49.09	27.92
1	2207.13	681.53	379.19	78.39	20.79
1	1577.28	2369.56	290.34	158.61	22.98
1	836.32	876.28	360.82	104.54	52.05
1	4555.93	696.80	353.51	155.18	28.52
1	180.28	2817.14	298.89	108.90	64.83
1	713.37	159.42	964.42	87.48	25.84
1	1385.51	345.54	57.90	235.69	29.74
1	303.57	752.89	172.54	52.50	37.78
1	867.32	320.01	368.00	130.17	37.51
1	253.33	492.03	127.39	110.58	43.98
1	682.77	307.77	298.82	66.17	41.93
1	271.10	353.72	131.57	69.79	11.19
1	1236.05	287.22	274.66	52.37	18.13
1	546.82	1107.77	167.34	74.84	42.02
1	759.45	442.21	465.36	79.29	48.83
1	571.38	376.23	133.20	134.48	28.89
1	833.24	573.86	254.34	100.82	57.60
1	242.40	1117.19	450.35	221.56	74.36
1	408.23	376.93	579.89	190.72	55.25
1	510.72	351.80	224.08	213.67	60.20
